100800
108313
108628
1147
115095
115398
118840
152643
15560
15762
163699
165878
16715
17008
17028
17066
17088
17152
17171
17173
17182
17192
17224
17311
17355
17359
173660
173684
173752
173776
173858
174177
174185
174296
174299
174319
174469
17448
17485
174999
175394
175397
175604
175790
175804
176136
17675
176890
17744
178154
178259
178448
178541
178699
178759
178775
178878
178944
179124
179236
179410
179554
17957
179693
179801
17985
179921
180103
180139
180170
180172
180175
18034
18035
18036
18037
18038
18041
18044
18048
180543
180544
180553
180575
180602
180604
18063
180695
180699
18070
180701
180703
180706
18071
180710
180711
180713
180717
18073
18074
18075
18077
18086
18112
18117
18142
18147
18158
181826
181829
181830
181834
182079
182135
18221
182398
182590
182682
183269
183284
183291
183295
183302
183307
183309
183311
183313
183321
183324
183327
183333
183334
183335
183336
183339
183343
183350
183356
18336
183365
183369
183375
183376
183377
183380
183385
183394
183397
183400
183402
183408
183417
183424
18343
183435
183438
183451
183496
18353
183678
18384
18398
18435
18436
18437
184481
18451
18515
18547
18559
18594
18602
18613
18641
18645
18660
18663
18683
18694
18708
18714
18715
18716
18722
18730
18738
18753
18757
18769
18781
18822
18840
18844
18850
18864
18871
18889
18893
18904
18922
18945
18946
18956
18990
18994
19005
19020
19023
19027
19030
19032
19033
19039
19040
19042
19044
19049
19050
19051
19057 
19058
19064
19066
19070
19092
19102
19107
19121
19127
19130
19156
19227
19230
19231
19234
19235
19241
19243
19244
19247
19250
19252
19254
19276
19277
19278
19279
19280
19281
192810
19282
19283
19287
19288
19290
19300
19312
19337
19340
193410
193446
19357
19359
19367
19370
19374
19379
19385
19408
19417
19422
19447
19454
19462
19464
19468
19474
19480
19481
194820
194834
194853
194859
19487
19488
194882
194884
19489
195030
195036
19504
19506
19511
195162
195188
195195
19523
195316
195322
195334
195735
195773
195925
196210
196226
196349
196355
196365
19655
19688
19689
19694
19698
19708
19710
19714
19808
19949
20009
20015
20039
20109
20127
20141
20142
20169
20193
20240
20276
20382
20383
20446
20770
20879
20924
20931
20934
20937
20939
209397
21421
21422
21440
21454
21455
21460
21536 
21539
21612
21638
21732
21785
21993
21996
22008
22009
22014
22026
22047
22053
22072
22125
22130
22144
22169
22171
22226
22339
22445
22463
22484
22496
22516
22652
22655
22706
22721
22734
22741
22743
22766
22769
22778
22787
22792
22793
22797
22923
22932
22954
22955
23063
23138
23149
23184
23203
23218
23228
23467
23519
23553
23560
23562
23580
23610
23612
23615
23626
23627
23658
23677
23690
23701
23702
23707
23714
23720
23721
23726
23727
23767
23778
23855
23864
23969
23997
24043
24157
24167
24184
24195
24200
24202
24204
24301
24302
24303
24326
24340
24377
24407
24429
24530
24531
24539
24566
24585
24593
24598
24639
24645
24664
24665
24742
24751
24763
24764
24765
24768
24793
24799
24806
24808
24833
24839
24848
24854
24866
24877
24921
24997
25007
25099
25100
25109
25110
25126
25130
25142
25163
25177
25247
25262
25284
25295
25319
25335
25337
25390
25451
25698
25778
25782
25785
25795
25800
25812
25815
25816
25856
25895
25898
25900
26149
26150
26191
26199
26205
26206
26231
26261
26313
26334
26355
26360
26418
26422
26428
26433
26449
26468
26470
26481
26489
26539
26542
26553
26603
26615
26618
26642
26661
26676
26714
26808
26826
26827
26828
26879
26883
26973
27021
27023
27079
27110
27129
27257
27284
27335
27368
27369
27415
27420
27567
27649
27685
27769
27776
27791
27798
27801
27803
27806
27807
27809
27813
27821
27824
27866
27946
27947
27948
27950
27980
27982
27985
27986
27998
28027
28030
28054
28057
28060
28107
28178
28189
28257
28266
28283
28393
28428
28454
28517
28602
28610
28631
28633
28646
28667
28716
28717
28718
28719
28721
28722
28723
28728
28731
28740
28748
28749
28754
28755
28757
28758
28777
28779
28782
28791
28801
28821
28827
29044
29051
29083
29090
29091
29095
29096
29098
29105
29107
29110
29135
29182
29189
29226
29314
29378
29393
29397
29399
29452
29453
29473
29475
29477
29493
29506
29608
29616
29617
29661
29789
29791
29850
29888
29894
29905
29906
29932
30005
30010
30017
30104
30148
30157
30238
30241
30244
30266
30296
30297
30310
30313
30319
30320
30322
30323
30369
30371
30372
30375
30413
30454
30520
30650
30710
30776
30786
30789
30910
30918
30934
30973
30974
31003
31389
31396
31422
31459
31652
31673
31695
31891
31899
31945
31946
31954
31967
32086
32123
32127
32144
32196
32275
32280
32283
32286
32332
32352
32364
32365
32381
32443
32460
32461
32474
32483
32539
32543
32623
32634
32667
32690
32699
32708
32750
32772
32776
32796
32874
32875
32895
32929
32931
32947
32950
32963
32973
33036
33182
33202
33234
33362
33389
33394
33405
33411
33418
33423
33460
33484
33488
33489
33524
33581
33585
33632
33767
33780
33815
33845
34037
34073
34274
34276
34300
34307
34309
34315
34318
34352
34373
34390
34443
34474
34505
34524
34529
34531
34532
34615
34786
34790
34797
34800
35038
35056
35063
35237
35253
35255
35265
35274
35283
35292
35293
35297
35298
35299
35303
35326
35337
35344
35345
35364
35397
35406
35423
35498
35502
35699
35707
35713
35787
35788
35804
35808
35809
35951
35981
35997
36006
36007
36016
36031
36061
36213
36224
36238
36259
36337
36352
36428
36438
36466
36496
36500
36505
36521
36525
36529
36546
36588
36596
36599
36608
36616
36636
36639
36654
36655
36666
36667
36687
36717
36756
36763
36765
36770
36775
36784
36830
36835
36875
36954
37113
37139
37143
37148
37153
37154
37202
37280
37281
37283
37284
37297
37308
37395
37410
37421
37459
37810
37812
37903
37909
37931
37944
37945
38166
38324
38343
38387
38401
38402
38403
38419
38424
38564
38583
38597
38613
38621
38622
38634
38692
38900
39101
39127
39130
39132
39169
39176
39178
39204
39211
39338
39423
39755
40012
40462
40477
40502
41062
41072
41088
41107
41433
41500
41533
41547
41661
41858
42076
42111
42126
42237
42326
42371
42508
42525
42529
42588
42620
42635
42637
42721
42723
42754
42764
42784
42892
42894
42903
42905
42914
42927
42943
42977
42995
43006
43025
43041
43044
43053
43056
43059
43071
43088
43090
43109
43110
43139
43140
43199
43204
43205
43240
43241
43280
43341
43342
43346
43367
43413
43424
43429
43434
43436
43444
43451
43453
43489
43534
43538
43591
43594
43608
43623
43703
500435
500460
501090
501145
501172
501307
501322
501323
501347
501383
501442
501614
501635
501637
501842
501920
501943
501983
502095
502203
502498
502509
502522
502535
502573
502590
502593
502594
502595
502638
502645
502651
502717
502757
502784
502801
502851
502909
502919
502953
503104
503138
503146
503177
503237
503286
503349
503350
503352
503407
503494
503603
503687
503702
503721
503863
503871
503930
503966
503970
503971
504004
504032
504042
504080
504139
504187
504196
504241
504264
504279
504291
504296
504341
504348
504439
504451
504683
504706
504714
504754
504764
504804
504981
505160
505220
505330
505355
505365
505490
505639
505674
505788
505790
505864
506151
506191
506288
506952
506986
507140
507657
507832
507837
507974
511163
511164
511282
513512
514496
514729
515269
518137
518139
520573
520974
520986
522199
522226
522232
522234
522476
523831
523837
523856
523941
524146
524170
524297
524600
524706
524924
525040
525079
525080
525081
525109
525635
526976
527661
527679
528378
528515
528821
528843
529935
530043
530638
530656
530692
530804
530811
531153
531401
532448
533873
538837
540665
547876
552762
565311
565358
565368
565377
565466
565517
565520
565525
565605
565664
565910
566216
566339
584677
68440
69365
74306
777975
777981
780332
780365
780479
78782
79118
810115
810184
820892
821148
823180
836161
847595
894243
894655
89787
936196
97421
97472
x00001
x00002
x00003
x00004
x00005
x00006
x412265
